Webots Project File version R2025a
perspectives: 000000ff00000000fd0000000300000000000001ca0000039ffc0200000001fb00000012005300630065006e0065005400720065006501000000000000039f0000000000000000000000010000009f000004ebfc0200000001fb0000001400540065007800740045006400690074006f00720100000015000004eb0000008400ffffff00000003000005d500000039fc0100000002fb0000000e0043006f006e0073006f006c006501000001d0000005b00000000000000000fb0000001a0043006f006e0073006f006c00650041006c006c0041006c006c0100000000000005d50000006900ffffff00000534000004eb00000004000000040000000100000008fc00000000
simulationViewPerspectives: 000000ff00000001000000020000016c000001d80100000002010000000101
sceneTreePerspectives: 000000ff00000001000000030000001e00000115000000fa0100000002010000000201
maximizedDockId: -1
centralWidgetVisible: 1
orthographicViewHeight: 1
textFiles: 0 "controllers/epuck_go_forward/epuck_go_forward.c"
globalOptionalRendering: ContactPoints
consoles: Console:All:All
renderingDevicePerspectives: e-puck:camera;1;2.55769;0.0847458;0.0337187
